%YAML:1.0
---
Camera Matrix: !!opencv-matrix
   rows: 3
   cols: 3
   dt: d
   data: [ 1.2158797609999999e+03, 0., 1.2776649170000001e+03, 0.,
       1.2156129149999999e+03, 7.4324658199999999e+02, 0., 0., 1. ]
Distortion: !!opencv-matrix
   rows: 1
   cols: 8
   dt: d
   data: [ 8.6952399999999996e-01, -2.9961920000000002e+00,
       5.7600000000000001e-04, 1.4799999999999999e-04,
       1.6397870000000001e+00, 7.5023600000000001e-01,
       -2.8395470000000000e+00, 1.5790940000000000e+00 ]
