<?xml version="1.0"?>
<opencv_storage>
<matFloorNormal type_id="opencv-matrix">
  <rows>4</rows>
  <cols>4</cols>
  <dt>f</dt>
  <data>
    9.97952104e-001 0. -5.18267825e-002 0. -1.94307463e-003
    9.98594403e-001 -3.74149308e-002 0. 5.18267825e-002 3.74917090e-002
    9.97952104e-001 -7.64794434e+002 0. 0. 0. 1.</data></matFloorNormal>
<matTableOrientation type_id="opencv-matrix">
  <rows>4</rows>
  <cols>4</cols>
  <dt>f</dt>
  <data>
	  9.99981225e-001	-6.12659939e-003	0.		-1.84098568e+001 
	  6.12659939e-003    9.99981225e-001	0.		1.90787918e+002 
	  0.				0.					1.		-2.37256104e+002 
	  0.				0.					0.		1.</data></matTableOrientation>
<matPHSTransform type_id="opencv-matrix">
  <rows>4</rows>
  <cols>4</cols>
  <dt>f</dt>
  <data>
    1. 0. 0. 0. 0. 1. 0. 0. 0. 0. 1. 0. 0. 0. 0. 1.</data></matPHSTransform>
<mTw2mt type_id="opencv-matrix">
  <rows>4</rows>
  <cols>4</cols>
  <dt>f</dt>
  <data>
	  0. 1. 0. 0.
	  0. 0. -1. 1000.
	  -1. 0. 0. 775.
	  0. 0. 0.    1.
  </data>
</mTw2mt>
</opencv_storage>
