%YAML:1.0
---
Camera Matrix: !!opencv-matrix
   rows: 3
   cols: 3
   dt: d
   data: [ 6.0113543701171875e+02, 0., 6.3916668701171875e+02, 0.,
       6.0106719970703125e+02, 3.6388034057617188e+02, 0., 0., 1. ]
Distortion: !!opencv-matrix
   rows: 1
   cols: 8
   dt: d
   data: [ 4.9613252282142639e-01, -2.7280290126800537e+00,
       -2.6774936122819781e-04, -3.8448072155006230e-04,
       1.6687225103378296e+00, 3.8013237714767456e-01,
       -2.5576231479644775e+00, 1.5935695171356201e+00 ]
Serial Number: "000582692912"
RGB Firmware Version: "1.6.110"
Depth Firmware Version: "1.6.79"
Scale Factor: 1.0165781508263634e+00
...
---
Table2CameraRT: !!opencv-matrix
   rows: 4
   cols: 4
   dt: d
   data: [ 1.2102146275343950e-02, 4.5964989523889055e-02,
       9.9886974015313867e-01, -8.2448160171412951e+02,
       -9.9991172015764473e-01, -4.9237256793678297e-03,
       1.2341345826693662e-02, -2.2261543080202038e+01,
       5.4854304215700145e-03, -9.9893091686237390e-01,
       4.5901344093468466e-02, 1.3959155183771591e+03, 0., 0., 0., 1. ]
Phantom2TableRT: !!opencv-matrix
   rows: 4
   cols: 4
   dt: d
   data: [ 9.9991545232169243e-01, -1.2938330568803214e-02,
       -1.2991575722531032e-03, -4.7752202863820698e-09,
       1.2935913101504500e-02, 9.9991461197893960e-01,
       -1.8522697527480465e-03, 1.2770086361783305e-09,
       1.3230119181226196e-03, 1.8353073581810198e-03,
       9.9999744063990759e-01, 6.8238290752920015e-10, 0., 0., 0., 1. ]
tableLeft: !!opencv-matrix
   rows: 3
   cols: 1
   dt: f
   data: [ -8.28995728e+02, 3.50705536e+02, 1.39386951e+03 ]
tableCenter: !!opencv-matrix
   rows: 3
   cols: 1
   dt: f
   data: [ -8.24481628e+02, -2.22615433e+01, 1.39591553e+03 ]
tableRight: !!opencv-matrix
   rows: 3
   cols: 1
   dt: f
   data: [ -8.19967529e+02, -3.95228607e+02, 1.39796155e+03 ]
tableLengthAxis: !!opencv-matrix
   rows: 3
   cols: 1
   dt: f
   data: [ 1.99773950e+03, 2.46826916e+01, 9.18026886e+01 ]
